804
399
791
259
582
526
49
508
1000
913
117
15
639
898
851
780
298
4
826
749
676
286
128
615
790
840
787
504
507
877
912
70
545
1
253
356
44
756
285
929
599
39
50
233
924
993
36
257
696
367
335
387
810
67
30
768
474
137
704
725
374
376
512
584
876
405
964
634
841
309
892
125
569
477
918
949
550
765
431
46
811
983
297
938
375
107
454
181
215
487
873
20
419
781
138
445
203
2
758
707
617
724
573
497
123
319
288
365
862
59
500
168
950
441
855
359
484
987
90
221
69
166
66
342
212
483
111
972
61
163
361
660
677
522
792
746
833
97
432
133
714
132
856
823
805
709
482
559
327
547
354
493
102
184
936
620
567
364
273
421
690
224
695
718
608
131
5
818
903
643
72
192
652
532
959
164
170
428
52
465
885
173
580
103
760
378
909
270
458
214
814
154
845
967
322
248
63
687
489
590
693
820																									     355
